% 
% NORMALIZED DIFFERENTIAL COUNTS FOR PROTOSPHEROIDS
% log[S (Jy)]  -   log[dN/dS*S^2.5 (Jy^1.5/sr)], @ 0.61GHz, 1.4GHz, 5.0GHz, 8.4GHz
% 
  -6.00000         -1.003822         -1.173589         -1.498053         -1.629084
  -5.95000         -0.954803         -1.133557         -1.469245         -1.601226
  -5.90000         -0.907103         -1.095211         -1.440931         -1.572982
  -5.85000         -0.860837         -1.058516         -1.412823         -1.544020
  -5.80000         -0.816101         -1.023407         -1.384615         -1.514004
  -5.75000         -0.772969         -0.989783         -1.355985         -1.482607
  -5.70000         -0.731488         -0.957513         -1.326608         -1.449519
  -5.65000         -0.691680         -0.926432         -1.296155         -1.414456
  -5.60000         -0.653536         -0.896343         -1.264308         -1.377172
  -5.55000         -0.617016         -0.867020         -1.230764         -1.337468
  -5.50000         -0.582050         -0.838213         -1.195250         -1.295206
  -5.45000         -0.548532         -0.809645         -1.157527         -1.250320
  -5.40000         -0.516327         -0.781021         -1.117405         -1.202830
  -5.35000         -0.485267         -0.752034         -1.074757         -1.152849
  -5.30000         -0.455154         -0.722367         -1.029525         -1.100602
  -5.25000         -0.425760         -0.691702         -0.981735         -1.046428
  -5.20000         -0.396833         -0.659727         -0.931510         -0.990794
  -5.15000         -0.368098         -0.626146         -0.879079         -0.934299
  -5.10000         -0.339262         -0.590684         -0.824789         -0.877676
  -5.05000         -0.310019         -0.553103         -0.769107         -0.821788
  -5.00000         -0.280056         -0.513209         -0.712633         -0.767621
  -4.95000         -0.249060         -0.470864         -0.656093         -0.716270
  -4.90000         -0.216723         -0.425996         -0.600341         -0.668918
  -4.85000         -0.182756         -0.378616         -0.546343         -0.626812
  -4.80000         -0.146891         -0.328825         -0.495166         -0.591240
  -4.75000         -0.108897         -0.276824         -0.447952         -0.563510
  -4.70000         -0.068589         -0.222929         -0.405899         -0.544949
  -4.65000         -0.025838         -0.167572         -0.370229         -0.536914
  -4.60000          0.019415         -0.111312         -0.342183         -0.540829
  -4.55000          0.067150         -0.054828         -0.323012         -0.558227
  -4.50000          0.117256          0.001079         -0.314001         -0.590800
  -4.45000          0.169517          0.055500         -0.316511         -0.640406
  -4.40000          0.223608          0.107436         -0.332025         -0.709040
  -4.35000          0.279085          0.155816         -0.362187         -0.798745
  -4.30000          0.335381          0.199529         -0.408814         -0.911492
  -4.25000          0.391811          0.237442         -0.473859         -1.049030
  -4.20000          0.447572          0.268420         -0.559329         -1.212740
  -4.15000          0.501759          0.291322         -0.667173         -1.403517
  -4.10000          0.553381          0.304977         -0.799165         -1.621708
  -4.05000          0.601388          0.308145         -0.956771         -1.867160
  -4.00000          0.644692          0.299460         -1.141041         -2.139413
  -3.95000          0.682189          0.277386         -1.352517         -2.438016
  -3.90000          0.712774          0.240202         -1.591212         -2.762842
  -3.85000          0.735330          0.186032         -1.856710         -3.114228
  -3.80000          0.748699          0.112912         -2.148418         -3.492833
  -3.75000          0.751636          0.018888         -2.465907         -3.899297
  -3.70000          0.742753         -0.097864         -2.809183         -4.333920
  -3.65000          0.720482         -0.238919         -3.178712         -4.796551
  -3.60000          0.683069         -0.405472         -3.575178         -5.286731
  -3.55000          0.628617         -0.598228         -3.999148         -5.804036
  -3.50000          0.555164         -0.817348         -4.450860         -6.348536
  -3.45000          0.460791         -1.062523         -4.930253         -6.921272
  -3.40000          0.343737         -1.333225         -5.437205         -7.524691
  -3.35000          0.202512         -1.629080         -5.971857         -8.162939
  -3.30000          0.036021         -1.950201         -6.534932         -8.841911
  -3.25000         -0.156340         -2.297274         -7.128065         -9.568995
  -3.20000         -0.374635         -2.671300         -7.754175        -10.352582
  -3.15000         -0.618465         -3.073122         -8.417849        -11.201490
  -3.10000         -0.887201         -3.502998         -9.125499        -12.124455
  -3.05000         -1.180344         -3.960386         -9.885127        -13.129792
  -3.00000         -1.497854         -4.444086        -10.705723        -14.225190
  -2.95000         -1.840250         -4.952736        -11.596541        -15.417622
  -2.90000         -2.208418         -5.485592        -12.566517        -16.713289
  -2.85000         -2.603252         -6.043373        -13.623912        -18.116512
  -2.80000         -3.025359         -6.628847        -14.776171        -19.584161
  -2.75000         -3.474950         -7.246952        -16.029878        -20.374907
  -2.70000         -3.951938         -7.904492        -17.390445        -20.337699
  -2.65000         -4.456166         -8.609570        -18.848514        -20.244300
  -2.60000         -4.987733         -9.370986        -20.010306        -20.152248
  -2.55000         -5.547412        -10.197697        -20.105257        -20.060832
  -2.50000         -6.137157        -11.098418        -20.014936        -19.971310
  -2.45000         -6.760584        -12.081373        -19.923086        -19.883517
  -2.40000         -7.423215        -13.154150        -19.833156        -19.796090
  -2.35000         -8.132331        -14.323641        -19.745014        -19.709009
  -2.30000         -8.896434        -15.596006        -19.657258        -19.622255
  -2.25000         -9.724564        -16.975983        -19.569867        -19.536941
  -2.20000        -10.625691        -18.439873        -19.482819        -19.452975
  -2.15000        -11.608309        -19.405063        -19.397255        -19.369190
  -2.10000        -12.680233        -19.414690        -19.311941        -19.286646
  -2.05000        -13.848517        -19.324450        -19.227975        -19.204231
  -2.00000        -15.119429        -19.234492        -19.145278        -19.121941
  -1.95000        -16.497815        -19.146310        -19.061646        -19.040788
  -1.90000        -17.961590        -19.058517        -18.979231        -18.958717
  -1.85000        -18.944699        -18.972317        -18.896941        -18.877748
  -1.80000        -18.960269        -18.885202        -18.815788        -18.797835
  -1.75000        -18.871686        -18.799580        -18.734720        -18.717012
  -1.70000        -18.783155        -18.715352        -18.654728        -18.637218
  -1.65000        -18.695014        -18.630199        -18.573813        -18.557477
  -1.60000        -18.607258        -18.546369        -18.492977        -18.477787
  -1.55000        -18.519867        -18.464863        -18.413173        -18.398147
  -1.50000        -18.434009        -18.382393        -18.333421        -18.318556
  -1.45000        -18.348416        -18.301092        -18.253721        -18.239918
  -1.40000        -18.264212        -18.218853        -18.174071        -18.161310
  -1.35000        -18.180199        -18.137743        -18.094470        -18.082732
  -1.30000        -18.097463        -18.056718        -18.015825        -18.004183
  -1.25000        -18.013788        -17.976761        -17.937209        -17.925663
  -1.20000        -17.932393        -17.895885        -17.858624        -17.847171
  -1.15000        -17.850050        -17.816049        -17.780068        -17.771737
  -1.10000        -17.768853        -17.736266        -17.701540        -17.696737
  -1.05000        -17.687743        -17.656535        -17.623041        -17.621737
  -1.00000        -17.606718        -17.576855        -17.546737        -17.546737
  -0.95000        -17.526761        -17.497225        -17.471737        -17.471737
  -0.90000        -17.445885        -17.418556        -17.396737        -17.396737
  -0.85000        -17.366049        -17.339918        -17.321737        -17.321737
  -0.80000        -17.286266        -17.261310        -17.246737        -17.246737
  -0.75000        -17.206535        -17.182732        -17.171737        -17.171737
  -0.70000        -17.126855        -17.104183        -17.096737        -17.096737
  -0.65000        -17.048147        -17.025663        -17.021737        -17.021737
  -0.60000        -16.968556        -16.948041        -16.946737        -16.946737
  -0.55000        -16.889918        -16.871737        -16.871737        -16.871737
  -0.50000        -16.811310        -16.796737        -16.796737        -16.796737
  -0.45000        -16.732732        -16.721737        -16.721737        -16.721737
  -0.40000        -16.654183        -16.646737        -16.646737        -16.646737
  -0.35000        -16.575663        -16.571737        -16.571737        -16.571737
  -0.30000        -16.498041        -16.496737        -16.496737        -16.496737
  -0.25000        -16.421737        -16.421737        -16.421737        -16.421737
  -0.20000        -16.346737        -16.346737        -16.346737        -16.346737
  -0.15000        -16.271737        -16.271737        -16.271737        -16.271737
  -0.10000        -16.196737        -16.196737        -16.196737        -16.196737
  -0.05000        -16.121737        -16.121737        -16.121737        -16.121737
   0.00000        -16.046737        -16.046737        -16.046737        -16.046737