% 
% NORMALIZED DIFFERENTIAL SOURCE COUNTS OF SPIRALS & STARBURSTS @ 0.325 and 1.4 GHz
% 
% COLUMN 1 : log[S (Jy)]
% COLUMN 2 : log[dN/dS*S^2.5 (Jy^1.5/sr)] for SPIRALS      @ 0.325 GHz
% COLUMN 3 : log[dN/dS*S^2.5 (Jy^1.5/sr)] for STARBURSTS   @ 0.325 GHz
% COLUMN 4 : log[dN/dS*S^2.5 (Jy^1.5/sr)] for SPIRALS      @ 1.4 GHz
% COLUMN 5 : log[dN/dS*S^2.5 (Jy^1.5/sr)] for STARBURSTS   @ 1.4 GHz
% 
   -9.000000        -4.665175     -3.814221        -4.793104     -4.007225
   -8.940000        -4.590175     -3.746421        -4.718104     -3.939425
   -8.880000        -4.515175     -3.678621        -4.643104     -3.871625
   -8.820000        -4.440175     -3.610821        -4.568104     -3.803825
   -8.760000        -4.365175     -3.543021        -4.493105     -3.736025
   -8.700000        -4.290175     -3.475221        -4.418105     -3.668225
   -8.640000        -4.215175     -3.407421        -4.343105     -3.600425
   -8.580000        -4.140175     -3.339621        -4.268106     -3.532625
   -8.520000        -4.065175     -3.271821        -4.193106     -3.464825
   -8.460000        -3.990175     -3.204021        -4.118107     -3.397026
   -8.400000        -3.915175     -3.136221        -4.043108     -3.329226
   -8.340000        -3.840175     -3.068421        -3.968109     -3.261426
   -8.280000        -3.765176     -3.000621        -3.893111     -3.193626
   -8.220000        -3.690176     -2.932821        -3.818113     -3.125827
   -8.160000        -3.615176     -2.865021        -3.743116     -3.058027
   -8.100000        -3.540176     -2.797221        -3.668120     -2.990228
   -8.040000        -3.465177     -2.729422        -3.593125     -2.922429
   -7.980000        -3.390178     -2.661622        -3.518132     -2.854630
   -7.920000        -3.315179     -2.593822        -3.443141     -2.786831
   -7.860000        -3.240180     -2.526022        -3.368152     -2.719033
   -7.800000        -3.165181     -2.458222        -3.293167     -2.651236
   -7.740000        -3.090183     -2.390423        -3.218187     -2.583439
   -7.680000        -3.015186     -2.322623        -3.143213     -2.515644
   -7.620000        -2.940189     -2.254823        -3.068247     -2.447850
   -7.560000        -2.865194     -2.187024        -2.993292     -2.380057
   -7.500000        -2.790200     -2.119225        -2.918349     -2.312268
   -7.440000        -2.715207     -2.051426        -2.843423     -2.244481
   -7.380000        -2.640218     -1.983628        -2.768523     -2.176698
   -7.320000        -2.565231     -1.915830        -2.693651     -2.108921
   -7.260000        -2.490249     -1.848033        -2.618817     -2.041151
   -7.200000        -2.415272     -1.780237        -2.544029     -1.973390
   -7.140000        -2.340302     -1.712441        -2.469301     -1.905640
   -7.080000        -2.265342     -1.644648        -2.394659     -1.837906
   -7.020000        -2.190394     -1.576856        -2.320117     -1.770193
   -6.960000        -2.115461     -1.509067        -2.245699     -1.702505
   -6.900000        -2.040549     -1.441281        -2.171435     -1.634849
   -6.840000        -1.965661     -1.373500        -2.097361     -1.567235
   -6.780000        -1.890809     -1.305725        -2.023553     -1.499673
   -6.720000        -1.816002     -1.237957        -1.950046     -1.432184
   -6.660000        -1.741250     -1.170199        -1.876898     -1.364782
   -6.600000        -1.666568     -1.102454        -1.804183     -1.297487
   -6.540000        -1.591972     -1.034726        -1.731983     -1.230325
   -6.480000        -1.517495     -0.967018        -1.660473     -1.163328
   -6.420000        -1.443166     -0.899338        -1.589706     -1.096559
   -6.360000        -1.369015     -0.831692        -1.519791     -1.030047
   -6.300000        -1.295080     -0.764094        -1.450850     -0.963844
   -6.240000        -1.221411     -0.696554        -1.383019     -0.898011
   -6.180000        -1.148090     -0.629087        -1.316587     -0.832627
   -6.120000        -1.075193     -0.561710        -1.251585     -0.767827
   -6.060000        -1.002779     -0.494445        -1.188136     -0.703667
   -6.000000        -0.930937     -0.427335        -1.126377     -0.640238
   -5.940000        -0.859766     -0.360410        -1.066447     -0.577654
   -5.880000        -0.789429     -0.293704        -1.008680     -0.516042
   -5.820000        -0.720066     -0.227266        -0.953025     -0.455636
   -5.760000        -0.651757     -0.161150        -0.899549     -0.396492
   -5.700000        -0.584632     -0.095461        -0.848340     -0.338723
   -5.640000        -0.518826     -0.030264        -0.799482     -0.282477
   -5.580000        -0.454568      0.034373        -0.753242     -0.227900
   -5.520000        -0.392025      0.098353        -0.709484     -0.175290
   -5.460000        -0.331243      0.161574        -0.668183     -0.124668
   -5.400000        -0.272332      0.223841        -0.629354     -0.076112
   -5.340000        -0.215408      0.285054        -0.593004     -0.029771
   -5.280000        -0.160678      0.345125        -0.559268      0.014241
   -5.220000        -0.108280      0.403914        -0.527968      0.055627
   -5.160000        -0.058163      0.461288        -0.499007      0.094419
   -5.100000        -0.010363      0.516978        -0.472327      0.130606
   -5.040000         0.035068      0.570879        -0.447866      0.164070
   -4.980000         0.078012      0.622934        -0.425622      0.194754
   -4.920000         0.118400      0.672993        -0.405410      0.222420
   -4.860000         0.156368      0.720937        -0.387091      0.247135
   -4.800000         0.191958      0.766485        -0.370555      0.268962
   -4.740000         0.225191      0.809560        -0.355688      0.287826
   -4.680000         0.256045      0.850177        -0.342400      0.303731
   -4.620000         0.284536      0.888211        -0.330525      0.316521
   -4.560000         0.310835      0.923589        -0.319918      0.326284
   -4.500000         0.335044      0.956081        -0.310459      0.333147
   -4.440000         0.357243      0.985644        -0.302029      0.337074
   -4.380000         0.377493      1.012370        -0.294524      0.338092
   -4.320000         0.395878      1.036179        -0.287821      0.335998
   -4.260000         0.412573      1.057052        -0.281815      0.330543
   -4.200000         0.427708      1.074835        -0.276416      0.321393
   -4.140000         0.441393      1.089524        -0.271546      0.308299
   -4.080000         0.453734      1.101265        -0.267135      0.291376
   -4.020000         0.464842      1.110030        -0.263118      0.270795
   -3.960000         0.474858      1.115849        -0.259437      0.246773
   -3.900000         0.483901      1.118646        -0.256048      0.219548
   -3.840000         0.492072      1.118399        -0.252918      0.189000
   -3.780000         0.499465      1.115101        -0.250013      0.153407
   -3.720000         0.506166      1.108348        -0.247305      0.112048
   -3.660000         0.512264      1.097748        -0.244772      0.066147
   -3.600000         0.517835      1.083130        -0.242394      0.018279
   -3.540000         0.522942      1.064581        -0.240164     -0.028867
   -3.480000         0.527641      1.042455        -0.238065     -0.073360
   -3.420000         0.531976      1.016926        -0.236086     -0.114218
   -3.360000         0.535989      0.988095        -0.234220     -0.151275
   -3.300000         0.539717      0.955496        -0.232454     -0.184743
   -3.240000         0.543189      0.917282        -0.230792     -0.215027
   -3.180000         0.546432      0.873483        -0.229220     -0.242469
   -3.120000         0.549461      0.825771        -0.227735     -0.267380
   -3.060000         0.552297      0.776756        -0.226336     -0.290100
   -3.000000         0.554952      0.729054        -0.225008     -0.310855
   -2.940000         0.557443      0.684474        -0.223764     -0.329850
   -2.880000         0.559782      0.643809        -0.222586     -0.347349
   -2.820000         0.561974      0.607134        -0.221477     -0.363434
   -2.760000         0.564035      0.574080        -0.220434     -0.378292
   -2.700000         0.565963      0.544264        -0.219444     -0.391989
   -2.640000         0.567777      0.517284        -0.218525     -0.404619
   -2.580000         0.569478      0.492761        -0.217652     -0.416266
   -2.520000         0.571072      0.470410        -0.216835     -0.426990
   -2.460000         0.572573      0.450026        -0.216069     -0.436893
   -2.400000         0.573973      0.431341        -0.215342     -0.446005
   -2.340000         0.575293      0.414221        -0.214673     -0.454422
   -2.280000         0.576526      0.398500        -0.214035     -0.462177
   -2.220000         0.577682      0.384026        -0.213442     -0.469357
   -2.160000         0.578772      0.370727        -0.212887     -0.476003
   -2.100000         0.579784      0.358423        -0.212360     -0.482164
   -2.040000         0.580742      0.347108        -0.211878     -0.487888
   -1.980000         0.581632      0.336616        -0.211418     -0.493190
   -1.920000         0.582469      0.326955        -0.210989     -0.498139
   -1.860000         0.583258      0.317982        -0.210593     -0.502712
   -1.800000         0.583987      0.309708        -0.210212     -0.506999
   -1.740000         0.584679      0.302007        -0.209867     -0.510957
   -1.680000         0.585321      0.294905        -0.209539     -0.514664
   -1.620000         0.585923      0.288282        -0.209230     -0.518101
   -1.560000         0.586493      0.282170        -0.208948     -0.521301
   -1.500000         0.587016      0.276470        -0.208676     -0.524292
   -1.440000         0.587514      0.271193        -0.208428     -0.527056
   -1.380000         0.587977      0.266284        -0.208196     -0.529660
   -1.320000         0.588407      0.261723        -0.207974     -0.532059
   -1.260000         0.588817      0.257492        -0.207775     -0.534316
   -1.200000         0.589192      0.253543        -0.207583     -0.536413
   -1.140000         0.589547      0.249893        -0.207404     -0.538359
   -1.080000         0.589880      0.246467        -0.207242     -0.540190
   -1.020000         0.590186      0.243307        -0.207085     -0.541870
   -0.960000         0.590479      0.240344        -0.206943     -0.543468
   -0.900000         0.590748      0.237598        -0.206810     -0.544940
   -0.840000         0.590999      0.235041        -0.206683     -0.546313
   -0.780000         0.591239      0.232650        -0.206571     -0.547605
   -0.720000         0.591456      0.230446        -0.206462     -0.548788
   -0.660000         0.591663      0.228361        -0.206362     -0.549918
   -0.600000         0.591856      0.226445        -0.206274     -0.550955
   -0.540000         0.592032      0.224642        -0.206186     -0.551928
   -0.480000         0.592202      0.222968        -0.206111     -0.552845
   -0.420000         0.592356      0.221417        -0.206042     -0.553683
   -0.360000         0.592500      0.219949        -0.205976     -0.554489
   -0.300000         0.592638      0.218609        -0.205923     -0.555226
   -0.240000         0.592760      0.217329        -0.205873     -0.555925
   -0.180000         0.592877      0.216153        -0.205829     -0.556584
   -0.120000         0.592986      0.215055        -0.205797     -0.557186
   -0.060000         0.593082      0.214017        -0.205767     -0.557773
    0.000000         0.593176      0.213076        -0.205749     -0.558309
    0.060000         0.593258      0.212161        -0.205740     -0.558827
    0.120000         0.593333      0.211329        -0.205736     -0.559317
    0.180000         0.593405      0.210545        -0.205748     -0.559770
    0.240000         0.593464      0.209802        -0.205769     -0.560221
    0.300000         0.593519      0.209135        -0.205803     -0.560638
    0.360000         0.593567      0.208470        -0.205856     -0.561053
    0.420000         0.593604      0.207870        -0.205923     -0.561454
    0.480000         0.593637      0.207300        -0.206012     -0.561836
    0.540000         0.593659      0.206753        -0.206126     -0.562234
    0.600000         0.593671      0.206266        -0.206264     -0.562614
    0.660000         0.593677      0.205762        -0.206440     -0.563013
    0.720000         0.593668      0.205308        -0.206653     -0.563416
    0.780000         0.593648      0.204870        -0.206908     -0.563824
    0.840000         0.593616      0.204437        -0.207223     -0.564274
    0.900000         0.593564      0.204047        -0.207596     -0.564733
    0.960000         0.593498      0.203627        -0.208046     -0.565242
    1.020000         0.593409      0.203236        -0.208587     -0.565791
    1.080000         0.593293      0.202848        -0.209230     -0.566384
    1.140000         0.593154      0.202443        -0.210002     -0.567068
    1.200000         0.592976      0.202061        -0.210921     -0.567810
    1.260000         0.592761      0.201631        -0.212013     -0.568664
    1.320000         0.592501      0.201201        -0.213319     -0.569631
    1.380000         0.592181      0.200752        -0.214867     -0.570716
    1.440000         0.591801      0.200253        -0.216708     -0.571993
    1.500000         0.591343      0.199743        -0.218897     -0.573434
    1.560000         0.590792      0.199152        -0.221488     -0.575108
    1.620000         0.590137      0.198514        -0.224561     -0.577044
    1.680000         0.589350      0.197809        -0.228196     -0.579260
    1.740000         0.588413      0.196999        -0.232484     -0.581862
    1.800000         0.587299      0.196107        -0.237545     -0.584847
    1.860000         0.585968      0.195066        -0.243493     -0.588308
    1.920000         0.584388      0.193886        -0.250468     -0.592321
    1.980000         0.582511      0.192541        -0.258629     -0.596928
    2.040000         0.580278      0.190974        -0.268139     -0.602283
    2.100000         0.577636      0.189188        -0.279192     -0.608423
    2.160000         0.574503      0.187103        -0.291982     -0.615476
    2.220000         0.570797      0.184699        -0.306710     -0.623577
    2.280000         0.566425      0.181926        -0.323606     -0.632800
    2.340000         0.561267      0.178697        -0.342899     -0.643351
    2.400000         0.555207      0.174984        -0.364826     -0.655308
    2.460000         0.548103      0.170671        -0.389623     -0.668836
    2.520000         0.539792      0.165702        -0.417499     -0.684121
    2.580000         0.530111      0.159985        -0.448698     -0.701271
    2.640000         0.518866      0.153385        -0.483463     -0.720523
    2.700000         0.505860      0.145838        -0.522002     -0.741994
    2.760000         0.490895      0.137183        -0.564522     -0.765880
    2.820000         0.473727      0.127315        -0.611172     -0.792427
    2.880000         0.454134      0.116102        -0.662154     -0.821771
    2.940000         0.431884      0.103356        -0.717681     -0.854207
    3.000000         0.406742      0.088985        -0.777881     -0.889922